-4.678920086851721949e-02 6.112786143990726895e-02 3.045443817742960468e-01
-4.401933744900127232e-02 5.918482572989639673e-02 3.071473117316498302e-01
-4.888191414657404310e-02 4.662857982793879724e-02 3.005003318334834583e-01
-5.368621917322338039e-02 3.001208694918675729e-02 2.837590709587834992e-01
-5.265848467365284724e-02 3.737199377000424011e-02 2.921650663719050356e-01
-6.137398500465661433e-02 5.894120523821907986e-02 2.833599511462183695e-01
-5.812019363221407331e-02 5.931064953757209102e-02 2.901481331119197260e-01
-6.068372563294802818e-02 7.174737309084565362e-02 2.807336398030669811e-01
-3.560129420733932487e-02 4.567634551811072807e-02 2.901115109412069071e-01
-4.864701596176308068e-02 2.692597858228444607e-02 2.908182078856454411e-01
-6.433843220819061848e-02 5.378069077673931775e-02 2.853639351548472036e-01
-5.789722365651166908e-02 4.620533516840898830e-02 2.724751242820816488e-01
-5.433631372427619871e-02 3.229067886901820089e-02 2.871206232472099940e-01
-5.312534842312818806e-02 4.437441073276475467e-02 2.813429511706610486e-01
-4.678164891597564462e-02 3.251860646755057316e-02 2.905363576748856147e-01
-6.242820888524896333e-02 4.995183447694064721e-02 2.844042583061298091e-01
-4.100296846442143262e-02 4.424645769863937844e-02 2.862473000861814887e-01
-4.486082234272261576e-02 6.446263424839628053e-02 2.967703571439671562e-01
-6.433650056388127980e-02 3.156817850284045213e-02 2.694316161470725057e-01
-3.662903164937100775e-02 2.135427962147479902e-02 2.823693141362051406e-01
-5.149880817777633540e-02 5.250867241726909357e-02 2.963318500168570790e-01
-4.116898275374936134e-02 5.808193992870061551e-02 3.103144558018756105e-01
-4.259519323928696866e-02 5.418792322446736032e-02 2.889489559534190732e-01
-4.660118672038944532e-02 2.461054103117414626e-02 2.839794242028976790e-01
-4.678039738844398665e-02 5.201084956646821050e-02 3.024024180627497005e-01
-5.462510744637201487e-02 5.994360562802070191e-02 2.975813200288511817e-01
-4.159134817331896355e-02 6.408086100152404763e-02 3.013610365270960600e-01
-6.680962869514818492e-02 3.509338614973492310e-02 2.712736829121233928e-01
-5.421218414385042816e-02 3.063454586267461838e-02 2.633433826486195617e-01
-5.824888087629581657e-02 5.694256299330837517e-02 2.944095387297051558e-01
-4.404937136899516464e-02 6.034677461163345802e-02 2.941162022952305555e-01
-5.398006766061012873e-02 3.348201678331739345e-02 2.737537357696511742e-01
-5.130836614616544888e-02 5.153966885800873032e-02 2.917758925071914922e-01
-4.654837512713216191e-02 3.484960547955504029e-02 2.952935145678753925e-01
-4.056910289702562317e-02 2.941547347059338124e-02 2.972849961964800780e-01
-6.651943515220662406e-02 3.789586591507474594e-02 2.743656477605456723e-01
-4.150155359923418663e-02 6.527043044082400658e-02 2.942708006012739741e-01
-4.810163102005818314e-02 5.958825398115042554e-02 2.982775911486058584e-01
-6.270057908356875542e-02 3.727458717578752134e-02 2.763733521398006876e-01
-4.114855858872042138e-02 5.487235868143415518e-02 2.944928613894972624e-01
-4.256607057781126163e-02 3.594016317550491335e-02 2.938727683200667573e-01
-4.032679859036539943e-02 4.272918608186859757e-02 2.878258610898824510e-01
-4.998732567277394678e-02 3.962214363637524966e-02 2.808840477028336502e-01
-4.094401075187930478e-02 5.204008879961200679e-02 2.959240602918127849e-01
-6.177942322115944490e-02 6.107868008951201910e-02 2.925689975769892315e-01
-6.456470775284620101e-02 5.809576630131599306e-02 2.858838200925592488e-01
-5.424025020418920401e-02 6.472839877747234294e-02 2.983114074933782556e-01
-6.108219657108205497e-02 3.053708401283626236e-02 2.697843692177471775e-01
-4.876377466071476346e-02 3.301853491845548744e-02 2.686786691754672329e-01
-6.715175827297346911e-02 6.626009007274806517e-02 2.876508828192557155e-01
