-9.334989064305626583e-02 2.288709258205413877e-02 -1.984333273277421317e-01
-9.805243478408486035e-02 2.276235361657562295e-02 -1.982015474784950826e-01
-9.411001002410274152e-02 1.925349984306377882e-02 -1.835758443713588761e-01
-8.482798869326442504e-02 1.967642396004609315e-02 -1.616774517886117035e-01
-8.845467431395792612e-02 1.751810185741967466e-02 -1.727683328393167794e-01
-7.007140796866562216e-02 2.484163234898304970e-02 -1.875127004127301045e-01
-7.697213956369397536e-02 2.239288336307376087e-02 -1.912282691391394562e-01
-6.506829883434488149e-02 3.051734517838115140e-02 -1.979043823436519300e-01
-9.716566262586061320e-02 3.416508036791059133e-02 -1.786616712042090049e-01
-9.355023761584238540e-02 1.775521543583484865e-02 -1.618202720078557311e-01
-7.119600211538984480e-02 1.833800717765721525e-02 -1.845002306887761900e-01
-6.906176573115638262e-02 2.854407113791524939e-02 -1.709923070892971353e-01
-8.548339574010908881e-02 1.777158272902761710e-02 -1.656474011554039949e-01
-7.821207768437385410e-02 2.640690654698073930e-02 -1.736408514158909178e-01
-9.314263747233915425e-02 2.115928102517597095e-02 -1.670485990183142866e-01
-7.319521234602323345e-02 1.948286327143625846e-02 -1.804386321351200140e-01
-8.990457342417819409e-02 3.284616236311978937e-02 -1.749582289596266493e-01
-8.811050882965038022e-02 3.016208827144480076e-02 -1.984124280446258604e-01
-6.655139773009782767e-02 2.019359338597906395e-02 -1.572711933129158079e-01
-9.719554391292595241e-02 3.098626249791842924e-02 -1.522859910962000296e-01
-8.776199958128681755e-02 2.145779448316496515e-02 -1.878176997483010091e-01
-1.027262794202197654e-01 2.354742483168320230e-02 -1.981115602388592023e-01
-8.740847251389949335e-02 3.374813744724292769e-02 -1.847728525937200050e-01
-9.049704750312359547e-02 2.268041030795970789e-02 -1.566322407076342071e-01
-9.435978810110458304e-02 2.115311877032623189e-02 -1.902255193436000746e-01
-8.343892931500895838e-02 2.065967287272928166e-02 -1.950255734532601870e-01
-9.444391298879786789e-02 3.079484800309249815e-02 -1.992208618759341299e-01
-6.548202541983050295e-02 1.876423682158284006e-02 -1.609078454582057727e-01
-7.154987222193667784e-02 3.046897851365675675e-02 -1.539234447893351732e-01
-8.001492551997881064e-02 1.885059123697113703e-02 -1.913343537762720037e-01
-8.857782833488722640e-02 3.130222559081463629e-02 -1.932081407836292175e-01
-7.767664207403934817e-02 2.595597042009832947e-02 -1.607900303465164826e-01
-8.521629360292154454e-02 2.367514541141278045e-02 -1.851028999703822064e-01
-9.553588945659734211e-02 1.975234857770959487e-02 -1.706657791988629991e-01
-1.018854970967662671e-01 2.170155790150207070e-02 -1.667200815427712091e-01
-6.752638629641438683e-02 1.783463845281409166e-02 -1.654529492694397641e-01
-8.927007128670906566e-02 3.478155460068309279e-02 -1.973295275453443576e-01
-8.928562316099972196e-02 2.552045649177736228e-02 -1.938573485182864264e-01
-7.247354138404632495e-02 1.869704359307109917e-02 -1.663629299809441242e-01
-9.244727784294236306e-02 3.148981516511811102e-02 -1.883441992039764368e-01
-9.800743788441849957e-02 2.355669436578432252e-02 -1.715131061478712138e-01
-9.120944339760546360e-02 3.200759568283959716e-02 -1.745578396184207515e-01
-8.211115857248590943e-02 2.646973544290864150e-02 -1.693282823025875627e-01
-9.410448125832987509e-02 2.971154875722039485e-02 -1.865014234252174163e-01
-7.510372219859473564e-02 1.859744148919568324e-02 -1.938568075732350349e-01
-6.987719049056571874e-02 2.007028169176432869e-02 -1.878967828362709258e-01
-8.328280299293688849e-02 2.301559051445799600e-02 -1.993539813038553710e-01
-6.974161777360253500e-02 2.319463342372715328e-02 -1.554893202495877536e-01
-7.636775279862766108e-02 3.385523902641145166e-02 -1.567048518697480852e-01
-6.711539234010024946e-02 1.944665842122472038e-02 -1.964885827108162897e-01
