-4.397167437776270948e-01 -1.039905417262384085e-01 2.360853883691365063e-01
-4.594072573054544528e-01 -1.025756067923244280e-01 2.378976790974737243e-01
-4.737156869864642128e-01 -9.306127981438223895e-02 2.227894830332876053e-01
-4.831915680456023154e-01 -1.073545635518612651e-01 1.992369999277349146e-01
-4.731890208729781500e-01 -9.001110842981151217e-02 2.104846072237421817e-01
-3.576206858112386811e-01 -1.234668225946857212e-01 2.173129686672313765e-01
-3.826721161577013031e-01 -1.082061350271147915e-01 2.229509161114948679e-01
-3.176528817184095521e-01 -1.454533711477296043e-01 2.261500805527142388e-01
-4.981114782303078248e-01 -1.664369717050235564e-01 2.218241776988072456e-01
-5.241698691736952354e-01 -9.470637147593854999e-02 2.033570106969374569e-01
-3.682799843382831839e-01 -9.246395926055138437e-02 2.142088828544032042e-01
-3.838537258665543628e-01 -1.535653482712274476e-01 2.022083078717343829e-01
-4.764100364500133966e-01 -9.505173685437129372e-02 2.028493033618392616e-01
-4.232068080264257404e-01 -1.377823636634204207e-01 2.078643989133791559e-01
-5.086426929250668083e-01 -1.101823250943282095e-01 2.080279099371697971e-01
-3.853688957951776906e-01 -9.972420165432696604e-02 2.112916478504539564e-01
-4.746764613294651713e-01 -1.654545647208576775e-01 2.150293974950959752e-01
-4.179179284848500431e-01 -1.380502037779742230e-01 2.347818992017318696e-01
-4.003139210895261257e-01 -1.177018016550212959e-01 1.875624900951845531e-01
-5.680660987920069793e-01 -1.698642825512154397e-01 1.988979686310553552e-01
-4.371243318593929783e-01 -1.031382939843660529e-01 2.240180746800298772e-01
-4.783594594818807999e-01 -1.051285885005946164e-01 2.399999999999998801e-01
-4.418635152031841207e-01 -1.636284193607443760e-01 2.227718728592076314e-01
-5.239117827529434779e-01 -1.247273120057122708e-01 1.979123019645527837e-01
-4.604759498751393454e-01 -9.929014648341541460e-02 2.289939367782957147e-01
-4.042701721502419132e-01 -9.708764251748659702e-02 2.287287200478064220e-01
-4.426863114477186389e-01 -1.387780606957606799e-01 2.382138521538118558e-01
-3.864864411329929084e-01 -1.075960563697648253e-01 1.903321577918088980e-01
-4.351266345384018908e-01 -1.776118560295230075e-01 1.880533842012288570e-01
-3.960920182038445980e-01 -9.064468397721528459e-02 2.238464118080663035e-01
-4.298653436465219024e-01 -1.462222247419047438e-01 2.304377216983314325e-01
-4.500312810650622941e-01 -1.443440350273520745e-01 1.960461331898833981e-01
-4.314461811023970195e-01 -1.156633119033005502e-01 2.207472953346355515e-01
-5.103235024764698480e-01 -1.006493131022018761e-01 2.121809493266160196e-01
-5.485537818965895429e-01 -1.106159956473053846e-01 2.121889053930452462e-01
-3.874956746026374521e-01 -9.947148596849517133e-02 1.951899930312125386e-01
-4.248403731471203093e-01 -1.592328704834493625e-01 2.349578004294426981e-01
-4.316122580779596651e-01 -1.190076286400672395e-01 2.305508962003580686e-01
-4.108441263276136346e-01 -1.026723717740310737e-01 1.980242804884010388e-01
-4.562945520465874205e-01 -1.489756523554902068e-01 2.277594801405080638e-01
-5.191458885805020351e-01 -1.186895248490995314e-01 2.145399942460088916e-01
-4.814985372490501181e-01 -1.611072254494901601e-01 2.151346789872563559e-01
-4.515133261845470924e-01 -1.397398918157603531e-01 2.056393549875348281e-01
-4.673031532038885993e-01 -1.412822403191346388e-01 2.266004987247287605e-01
-3.696134654573734468e-01 -8.921773542162368675e-02 2.243268448487497624e-01
-3.560425075693459118e-01 -9.978388121598012750e-02 2.170716827702154905e-01
-3.957252758311759488e-01 -1.061282551193396678e-01 2.328734510767190846e-01
-4.216307629916417055e-01 -1.352765538494740960e-01 1.875849207954558562e-01
-4.534643390367911198e-01 -1.918221309605899760e-01 1.931799016684249137e-01
-3.291487347372747951e-01 -9.338554285208890138e-02 2.241435483260575401e-01
